param n := 50;
param r := 49
param c := 
2 0 115
2 1 180
4 0 55
6 0 14
6 2 138
6 1 155
6 3 145
15 0 127
15 4 100
15 3 106
15 5 116
15 9 51
15 13 119
15 7 63
15 8 115
15 10 75
15 12 119
15 14 16
18 0 99
18 2 155
18 4 197
18 1 154
18 3 85
18 5 21
18 9 139
18 11 99
18 7 196
18 8 88
18 14 46
20 0 91
20 4 180
20 6 199
20 15 41
20 5 145
20 9 146
20 13 13
20 19 70
20 8 153
20 16 194
20 12 51
20 14 31
21 0 110
21 4 170
21 1 115
21 3 155
21 13 37
21 17 65
21 19 100
21 7 57
21 8 195
21 10 124
21 16 143
21 12 175
21 14 149
22 0 91
22 2 32
22 4 114
22 6 15
22 15 179
22 21 39
22 1 166
22 3 89
22 9 86
22 11 144
22 17 14
22 7 35
22 8 34
22 16 188
22 12 181
24 0 139
24 15 179
24 18 183
24 20 128
24 21 109
24 22 68
24 11 176
24 13 105
24 8 61
24 14 32
26 0 104
26 15 12
26 20 189
26 22 111
26 1 114
26 3 182
26 11 66
26 13 105
26 7 27
26 8 40
26 25 18
26 12 96
26 14 122
27 0 52
27 2 152
27 15 35
27 18 149
27 22 41
27 24 119
27 26 121
27 1 116
27 5 48
27 17 71
27 19 152
27 8 196
27 10 20
27 16 14
27 25 138
27 12 174
27 14 69
27 23 155
28 0 45
28 2 187
28 4 11
28 15 23
28 18 199
28 20 52
28 22 171
28 26 59
28 3 15
28 5 60
28 9 188
28 13 32
28 17 148
28 7 138
28 10 171
28 16 82
28 12 53
28 14 102
29 0 177
29 2 76
29 15 52
29 18 68
29 20 168
29 21 196
29 22 125
29 26 111
29 27 120
29 28 105
29 11 35
29 7 192
29 12 42
29 14 89
30 0 154
30 18 118
30 21 66
30 22 184
30 24 21
30 27 100
30 29 162
30 1 76
30 3 125
30 5 46
30 11 116
30 13 103
30 7 141
30 16 134
30 14 190
30 23 57
31 0 177
31 4 114
31 21 165
31 24 186
31 26 191
31 28 199
31 29 137
31 1 141
31 3 11
31 9 185
31 13 193
31 17 61
31 19 135
31 8 79
31 25 142
31 12 106
31 23 38
33 0 165
33 4 100
33 6 52
33 15 175
33 27 124
33 30 125
33 31 186
33 11 88
33 13 142
33 17 74
33 32 135
33 8 70
33 10 148
33 12 171
33 23 24
36 0 30
36 15 128
36 20 29
36 21 129
36 24 17
36 26 104
36 28 53
36 29 92
36 33 173
36 3 96
36 9 113
36 11 52
36 19 82
36 7 44
36 8 175
36 16 157
36 14 196
36 35 76
37 0 151
37 4 10
37 15 142
37 20 30
37 22 164
37 24 37
37 26 30
37 27 179
37 29 41
37 30 136
37 33 118
37 11 168
37 13 136
37 17 95
37 7 166
37 8 117
37 12 103
37 23 52
37 34 158
37 35 132
38 0 184
38 6 44
38 18 14
38 20 107
38 21 134
38 24 153
38 27 40
38 28 181
38 31 179
38 36 182
38 37 67
38 1 13
38 9 35
38 17 171
38 10 54
38 25 136
38 14 155
38 34 125
39 0 58
39 2 196
39 15 169
39 18 47
39 21 52
39 22 118
39 26 35
39 27 136
39 28 17
39 30 167
39 36 172
39 38 18
39 11 101
39 17 51
39 19 81
39 7 167
39 8 67
39 10 63
39 23 31
40 0 78
40 15 80
40 18 147
40 21 55
40 24 16
40 27 10
40 31 63
40 37 95
40 38 72
40 5 63
40 9 78
40 11 143
40 17 67
40 7 77
40 8 34
40 10 48
40 23 114
42 0 40
42 4 18
42 18 98
42 20 109
42 21 194
42 24 107
42 26 34
42 27 177
42 28 173
42 29 192
42 30 39
42 31 141
42 36 27
42 37 113
42 38 51
42 39 184
42 1 17
42 19 72
42 7 178
42 10 68
42 16 28
42 14 39
42 23 24
42 41 96
42 34 133
42 35 184
44 0 52
44 2 21
44 6 137
44 20 147
44 24 150
44 26 97
44 30 35
44 31 125
44 42 121
44 5 189
44 9 64
44 17 189
44 19 103
44 7 184
44 16 32
44 25 171
44 43 101
44 12 54
44 14 82
44 34 186
46 0 67
46 6 68
46 18 141
46 20 40
46 22 87
46 27 140
46 29 171
46 38 88
46 39 198
46 40 42
46 13 136
46 17 82
46 7 27
46 16 85
46 25 109
46 34 17
48 0 51
48 4 49
48 6 184
48 15 96
48 18 88
48 20 46
48 21 66
48 24 105
48 28 162
48 38 150
48 39 124
48 42 12
48 44 19
48 46 177
48 5 90
48 9 78
48 11 192
48 13 148
48 17 44
48 32 10
48 8 96
48 10 32
48 25 169
48 43 193
48 12 120
48 41 174
48 34 185
48 35 127
3 1 17
5 2 116
5 1 24
9 2 116
9 1 43
9 7 80
11 4 122
11 6 183
11 1 85
11 3 180
11 10 142
13 6 98
13 1 39
13 9 129
13 11 157
13 7 167
13 10 131
17 4 147
17 6 24
17 15 96
17 1 47
17 3 158
17 9 48
17 13 140
17 16 193
19 2 111
19 6 104
19 15 113
19 1 178
19 9 18
19 11 122
19 17 89
19 7 140
19 10 147
19 16 116
32 2 99
32 4 76
32 15 138
32 20 146
32 21 94
32 22 196
32 1 91
32 3 28
32 5 46
32 11 139
32 17 64
32 19 41
32 7 114
32 16 146
47 2 71
47 4 138
47 6 147
47 15 140
47 20 70
47 24 20
47 27 163
47 28 35
47 29 176
47 30 41
47 31 197
47 40 122
47 42 146
47 44 51
47 1 41
47 5 115
47 9 78
47 19 62
47 10 180
47 16 49
47 14 71
47 41 62
47 35 90
49 2 169
49 4 193
49 6 109
49 15 199
49 22 165
49 24 195
49 28 168
49 29 173
49 31 110
49 37 95
49 38 18
49 40 16
49 44 44
49 46 23
49 48 118
49 1 114
49 3 79
49 11 65
49 13 105
49 17 48
49 19 58
49 32 127
49 47 22
49 7 194
49 10 111
49 16 130
49 23 45
49 45 136
49 34 123
7 2 82
7 6 165
7 3 50
8 2 80
8 4 67
8 6 149
8 5 155
8 7 29
10 2 86
10 5 182
16 2 161
16 6 71
16 15 173
16 3 125
16 8 59
16 14 53
25 2 45
25 4 28
25 6 160
25 15 159
25 20 49
25 21 152
25 22 198
25 19 186
25 12 42
25 14 139
25 23 155
43 2 120
43 4 42
43 15 26
43 18 169
43 20 158
43 22 40
43 24 87
43 26 82
43 27 46
43 28 46
43 30 167
43 36 58
43 39 185
43 40 174
43 13 11
43 17 93
43 10 166
43 25 100
43 41 139
43 35 76
12 3 166
12 5 41
12 9 196
12 11 45
12 7 137
12 8 170
12 10 139
14 4 90
14 3 192
14 11 30
14 7 199
14 10 70
14 12 108
23 6 146
23 20 53
23 22 167
23 3 127
23 17 84
23 8 57
23 10 145
23 16 82
41 4 103
41 6 29
41 21 150
41 22 180
41 26 68
41 27 121
41 30 108
41 3 163
41 5 165
41 19 54
41 32 66
41 7 124
41 10 114
41 14 199
41 34 121
45 18 200
45 26 148
45 29 42
45 36 32
45 37 125
45 40 139
45 42 69
45 44 85
45 3 177
45 5 165
45 7 127
45 8 82
45 43 43
45 12 67
45 14 129
45 23 11
34 4 51
34 15 181
34 20 63
34 26 147
34 27 46
34 31 48
34 9 179
34 17 146
34 19 36
34 32 24
34 8 96
34 10 138
34 16 125
34 12 40
34 14 173
34 23 180
35 15 131
35 20 176
35 24 21
35 28 107
35 29 126
35 30 82
35 9 179
35 17 87
35 19 145
35 32 112
35 7 107
35 16 183
35 25 173
35 12 69
35 14 179
35 23 162
35 34 97
